id,casePath
0,c/c11-aligned-alloc-linked-nodes.c.ll
1,c/c11-aligned-alloc-matrix-rows.c.ll
2,c/c11-aligned-alloc-nested-struct.c.ll
3,c/c11-aligned-alloc-pointer-table.c.ll
4,c/c11-aligned-alloc-struct-array.c.ll
5,c/c11-anonymous-struct-union-array-slot-walk.c.ll
6,c/c11-anonymous-struct-union-direct-ptr-member.c.ll
7,c/c11-anonymous-struct-union-double-ptr-chain.c.ll
8,c/c11-anonymous-struct-union-nested-inner-ptr.c.ll
9,c/c89-allocation-constraint-cycle-field-malloc.c.ll
10,c/c89-allocation-cs16-malloc-return.c.ll
11,c/c89-allocation-cwe121-struct-alloc-0.c.ll
12,c/c89-allocation-cwe127-har-alloc-0.c.ll
13,c/c89-allocation-equake-3d-array-malloc.c.ll
14,c/c89-allocation-heap-indirect-malloc.c.ll
15,c/c89-allocation-heap-linkedlist-malloc.c.ll
16,c/c89-allocation-heap-wrapper-malloc.c.ll
17,c/c89-allocation-linklist-construct-randomwalk.c.ll
18,c/c89-allocation-malloc-return.c.ll
19,c/c89-allocation-malloc10-struct-array-leak.c.ll
20,c/c89-allocation-malloc11-conditional-return-alloc.c.ll
21,c/c89-allocation-malloc13-global-array-leak.c.ll
22,c/c89-allocation-malloc15-return-leak.c.ll
23,c/c89-allocation-malloc29-static-pointer-leak.c.ll
24,c/c89-allocation-malloc35-return-leak.c.ll
25,c/c89-allocation-malloc47-pointer-compare.c.ll
26,c/c89-allocation-malloc64-matrix-macro-alloc.c.ll
27,c/c89-allocation-malloc7-global-leak.c.ll
28,c/c89-allocation-malloc9-struct-field-leak.c.ll
29,c/c89-allocation-parser-node-malloc.c.ll
30,c/c89-allocation-recur8-recursive-malloc.c.ll
31,c/c89-allocation-recur9-recursive-malloc-alloc.c.ll
32,c/c89-allocation-sp41-struct-strings.c.ll
33,c/c89-allocation-sp6-linked-list-alloc.c.ll
34,c/c89-allocation-swap-heap.c.ll
35,c/c89-allocation-swap-heap1.c.ll
36,c/c89-allocation-swap-heap2.c.ll
37,c/c89-allocation-swap-heap3.c.ll
38,c/c89-allocation-swap-heap4.c.ll
39,c/c89-allocation-test-clone.c.ll
40,c/c89-allocation-test-clone1.c.ll
41,c/c89-allocation-test-linklist.c.ll
42,c/c89-allocation-test-linklist1.c.ll
43,c/c89-allocation-test-path.c.ll
44,c/c89-allocation-test-recursive.c.ll
45,c/c89-allocation-test-recursive0.c.ll
46,c/c89-allocation-test-recursive1.c.ll
47,c/c89-allocation-test-recursive2.c.ll
48,c/c89-allocation-test3-path.c.ll
49,c/c89-allocation-test4-malloc.c.ll
50,c/c89-allocation-vortex-chunk-calloc.c.ll
51,c/c89-basic-address-dereference-array-pointer-copy.c.ll
52,c/c89-basic-address-dereference-basic-array-func-1.c.ll
53,c/c89-basic-address-dereference-basic-array-func-4.c.ll
54,c/c89-basic-address-dereference-basic-array-varidx-1.c.ll
55,c/c89-basic-address-dereference-basic-assign-0.c.ll
56,c/c89-basic-address-dereference-basic-assign-3.c.ll
57,c/c89-basic-address-dereference-basic-bi-add-2.c.ll
58,c/c89-basic-address-dereference-branch-call-alias.c.ll
59,c/c89-basic-address-dereference-branch-intra-alias.c.ll
60,c/c89-basic-address-dereference-branch1-ptr-assign.c.ll
61,c/c89-basic-address-dereference-branch2-ptr-assign.c.ll
62,c/c89-basic-address-dereference-branch3-double-ptr-assign.c.ll
63,c/c89-basic-address-dereference-ci-global-alias.c.ll
64,c/c89-basic-address-dereference-ci-local-branch.c.ll
65,c/c89-basic-address-dereference-cond-swap.c.ll
66,c/c89-basic-address-dereference-constraint-cycle-copy.c.ll
67,c/c89-basic-address-dereference-constraint-cycle-pwc.c.ll
68,c/c89-basic-address-dereference-cs0-ptr-return.c.ll
69,c/c89-basic-address-dereference-cs1-double-ptr-param.c.ll
70,c/c89-basic-address-dereference-cs10-branch-double-ptr.c.ll
71,c/c89-basic-address-dereference-cs11-out-param-alias.c.ll
72,c/c89-basic-address-dereference-cs12-out-param-alias.c.ll
73,c/c89-basic-address-dereference-cs13-static-local-ptr.c.ll
74,c/c89-basic-address-dereference-cs14-branch-ptr-alias.c.ll
75,c/c89-basic-address-dereference-cs15-param-forward.c.ll
76,c/c89-basic-address-dereference-cs17-double-ptr-chain.c.ll
77,c/c89-basic-address-dereference-cs18-out-param-global.c.ll
78,c/c89-basic-address-dereference-cs19-global-ptr-param.c.ll
79,c/c89-basic-address-dereference-cs2-conditional-ptr.c.ll
80,c/c89-basic-address-dereference-cs20-global-ptr-two-funcs.c.ll
81,c/c89-basic-address-dereference-cs21-recursive-return.c.ll
82,c/c89-basic-address-dereference-cs3-ptr-param-chain.c.ll
83,c/c89-basic-address-dereference-cs4-ptr-param-swap.c.ll
84,c/c89-basic-address-dereference-cs5-global-double-ptr.c.ll
85,c/c89-basic-address-dereference-cs6-global-double-ptr-rev.c.ll
86,c/c89-basic-address-dereference-cs7-ptr-copy.c.ll
87,c/c89-basic-address-dereference-cs8-branch-double-ptr.c.ll
88,c/c89-basic-address-dereference-cs9-flow-sensitive-ptr.c.ll
89,c/c89-basic-address-dereference-cwe190-int-max-0.c.ll
90,c/c89-basic-address-dereference-double-ptr-cycle.c.ll
91,c/c89-basic-address-dereference-global-call-noparam-alias.c.ll
92,c/c89-basic-address-dereference-global-nested-calls.c.ll
93,c/c89-basic-address-dereference-global-pointer-aliasing.c.ll
94,c/c89-basic-address-dereference-global-pointer-initializer.c.ll
95,c/c89-basic-address-dereference-global-simple-alias.c.ll
96,c/c89-basic-address-dereference-global1-init-alias.c.ll
97,c/c89-basic-address-dereference-global2-func-alias.c.ll
98,c/c89-basic-address-dereference-global3-deref-alias.c.ll
99,c/c89-basic-address-dereference-global4-ptr-param.c.ll
100,c/c89-basic-address-dereference-global5-func-alias.c.ll
101,c/c89-basic-address-dereference-interval-test-13-0.c.ll
102,c/c89-basic-address-dereference-interval-test-15-0.c.ll
103,c/c89-basic-address-dereference-interval-test-16-0.c.ll
104,c/c89-basic-address-dereference-interval-test-23-0.c.ll
105,c/c89-basic-address-dereference-interval-test-25-0.c.ll
106,c/c89-basic-address-dereference-interval-test-39-0.c.ll
107,c/c89-basic-address-dereference-interval-test-60-0.c.ll
108,c/c89-basic-address-dereference-local-pointer-aliasing.c.ll
109,c/c89-basic-address-dereference-loop-for-nested-0.c.ll
110,c/c89-basic-address-dereference-path1-double-ptr-join.c.ll
111,c/c89-basic-address-dereference-path10-interproc-pp.c.ll
112,c/c89-basic-address-dereference-path11-branch-interproc.c.ll
113,c/c89-basic-address-dereference-path12-pp-deref-copy.c.ll
114,c/c89-basic-address-dereference-path14-nested-branch-alias.c.ll
115,c/c89-basic-address-dereference-path15-null-branch-alias.c.ll
116,c/c89-basic-address-dereference-path16-conditional-deref.c.ll
117,c/c89-basic-address-dereference-path17-conditional-pp-assign.c.ll
118,c/c89-basic-address-dereference-path18-global-alias.c.ll
119,c/c89-basic-address-dereference-path19-two-call-sites.c.ll
120,c/c89-basic-address-dereference-path2-swap-pointers.c.ll
121,c/c89-basic-address-dereference-path20-pp-chain.c.ll
122,c/c89-basic-address-dereference-path21-triple-pointer.c.ll
123,c/c89-basic-address-dereference-path22-triple-pointer-call.c.ll
124,c/c89-basic-address-dereference-path3-shared-pp.c.ll
125,c/c89-basic-address-dereference-path4-pp-copy.c.ll
126,c/c89-basic-address-dereference-path6-if-elseif-branch.c.ll
127,c/c89-basic-address-dereference-path7-branch-pointer.c.ll
128,c/c89-basic-address-dereference-ptr-dereference1.c.ll
129,c/c89-basic-address-dereference-ptr-dereference2-double.c.ll
130,c/c89-basic-address-dereference-ptr-dereference3.c.ll
131,c/c89-basic-address-dereference-recur0-global-ptr.c.ll
132,c/c89-basic-address-dereference-recur10-recursive-double-ptr.c.ll
133,c/c89-basic-address-dereference-recur2-recursive-ptr-param.c.ll
134,c/c89-basic-address-dereference-recur3-recursive-double-ptr.c.ll
135,c/c89-basic-address-dereference-recur4-recursive-out-param.c.ll
136,c/c89-basic-address-dereference-recur5-recursive-local-chain.c.ll
137,c/c89-basic-address-dereference-recur6-recursive-global.c.ll
138,c/c89-basic-address-dereference-recur7-mutual-recursion.c.ll
139,c/c89-basic-address-dereference-recursive-afterrec-1.c.ll
140,c/c89-basic-address-dereference-recursive-afterrec-2.c.ll
141,c/c89-basic-address-dereference-recursive-id-0.c.ll
142,c/c89-basic-address-dereference-recursive-id-3.c.ll
143,c/c89-basic-address-dereference-recursive-id-5-no-main.c.ll
144,c/c89-basic-address-dereference-recursive-id-6.c.ll
145,c/c89-basic-address-dereference-recursive-id-8.c.ll
146,c/c89-basic-address-dereference-safe-ptr-assign.c.ll
147,c/c89-basic-address-dereference-simple1-ptr-copy.c.ll
148,c/c89-basic-address-dereference-simple2-ptr-copy-chain.c.ll
149,c/c89-basic-address-dereference-simple3-double-ptr-copy.c.ll
150,c/c89-basic-address-dereference-swap-array.c.ll
151,c/c89-basic-address-dereference-swap-global.c.ll
152,c/c89-basic-address-dereference-swap-global1.c.ll
153,c/c89-basic-address-dereference-swap-global2.c.ll
154,c/c89-basic-address-dereference-swap-indirect.c.ll
155,c/c89-basic-address-dereference-swap-indirect1.c.ll
156,c/c89-basic-address-dereference-swap-indirect2.c.ll
157,c/c89-basic-address-dereference-swap-recursion.c.ll
158,c/c89-basic-address-dereference-swap.c.ll
159,c/c89-basic-address-dereference-swap1.c.ll
160,c/c89-basic-address-dereference-swap4-context.c.ll
161,c/c89-basic-address-dereference-swap4-context1.c.ll
162,c/c89-basic-address-dereference-swap4-contextindirect.c.ll
163,c/c89-basic-address-dereference-swap4.c.ll
164,c/c89-basic-address-dereference-test-cond.c.ll
165,c/c89-basic-address-dereference-test-indirect.c.ll
166,c/c89-basic-address-dereference-test-indirect1.c.ll
167,c/c89-basic-address-dereference-test-recursiveglobal1.c.ll
168,c/c89-basic-address-dereference-test-recursiveglobal2.c.ll
169,c/c89-basic-address-dereference-test-su-multi-ptr.c.ll
170,c/c89-basic-address-dereference-test1-path.c.ll
171,c/c89-basic-address-dereference-test1.c.ll
172,c/c89-basic-address-dereference-test2-path.c.ll
173,c/c89-basic-address-dereference-triple-ptr-cycle.c.ll
174,c/c89-basic-address-dereference-triple-ptr-strong-update.c.ll
175,c/c89-basic-address-dereference-wto-assert-04.c.ll
176,c/c89-conversion-cast-sext.c.ll
177,c/c89-conversion-cast-uitofp.c.ll
178,c/c89-conversion-incompatible-cast-nested.c.ll
179,c/c89-conversion-incompatible-cast.c.ll
180,c/c89-conversion-int-pointer-roundtrip.c.ll
181,c/c89-conversion-struct-extension.c.ll
182,c/c89-free-dangleptr-safe-free-and-remalloc.c.ll
183,c/c89-free-dangleptr-safe-load-reassign.c.ll
184,c/c89-free-df0-two-frees.c.ll
185,c/c89-free-df2-reassign-then-two-frees.c.ll
186,c/c89-free-malloc2-use-after-free.c.ll
187,c/c89-free-malloc28-struct-partial-free.c.ll
188,c/c89-free-malloc3-alias-use-after-free.c.ll
189,c/c89-free-malloc33-double-pointer-free.c.ll
190,c/c89-free-malloc34-free-one-of-two.c.ll
191,c/c89-free-malloc38-loop-free-buf.c.ll
192,c/c89-free-malloc39-loop-free-buf.c.ll
193,c/c89-free-malloc4-struct-partial-free.c.ll
194,c/c89-free-malloc41-free-one-leak-other.c.ll
195,c/c89-free-malloc48-switch-free.c.ll
196,c/c89-free-malloc57-null-check-free.c.ll
197,c/c89-function-pointer-basic-ptr-func-6.c.ll
198,c/c89-function-pointer-byteoffset-struct-funptr.c.ll
199,c/c89-function-pointer-ci-funptr-typedef.c.ll
200,c/c89-function-pointer-func-pointer-indirect.c.ll
201,c/c89-function-pointer-func-ptr-double-ptr.c.ll
202,c/c89-function-pointer-func-ptr-global-call.c.ll
203,c/c89-function-pointer-funptr-global-struct.c.ll
204,c/c89-function-pointer-funptr-nested-call.c.ll
205,c/c89-function-pointer-funptr-simple-branch.c.ll
206,c/c89-function-pointer-global-funptr-initializer.c.ll
207,c/c89-function-pointer-global-funptr-twoparms.c.ll
208,c/c89-function-pointer-mesa-api-table.c.ll
209,c/c89-function-pointer-spec-mesa-api-table.c.ll
210,c/c89-function-pointer-struct-func-ptr-1.c.ll
211,c/c89-function-pointer-struct-func-ptr-2.c.ll
212,c/c89-function-pointer-swap-funcptr.c.ll
213,c/c89-function-pointer-swap-funcptr1.c.ll
214,c/c89-function-pointer-swap-funcptr2.c.ll
215,c/c89-goto-error-cleanup-double-ptr.c.ll
216,c/c89-goto-interval-test-51-0.c.ll
217,c/c89-goto-interval-test-63-0.c.ll
218,c/c89-goto-interval-test-64-0.c.ll
219,c/c89-goto-path8-goto-alias-cycle.c.ll
220,c/c89-member-access-array-const-index-field.c.ll
221,c/c89-member-access-array-var-index-field.c.ll
222,c/c89-member-access-array-var-index2-field.c.ll
223,c/c89-member-access-array1-struct-field.c.ll
224,c/c89-member-access-array2-struct-field.c.ll
225,c/c89-member-access-array3-struct-field.c.ll
226,c/c89-member-access-array4-struct-field.c.ll
227,c/c89-member-access-array5-struct-field.c.ll
228,c/c89-member-access-basic-array-func-3.c.ll
229,c/c89-member-access-basic-array-struct-0.c.ll
230,c/c89-member-access-cve-2022-34835-0.c.ll
231,c/c89-member-access-field-multi-dereference.c.ll
232,c/c89-member-access-nested-1-layer.c.ll
233,c/c89-member-access-nested-2-layers.c.ll
234,c/c89-member-access-nested-array1.c.ll
235,c/c89-member-access-nested-array2.c.ll
236,c/c89-member-access-nested-array3.c.ll
237,c/c89-member-access-nested-struct-field-write.c.ll
238,c/c89-member-access-one-field.c.ll
239,c/c89-member-access-path5-struct-ptr-alias.c.ll
240,c/c89-member-access-path9-nested-struct-alias.c.ll
241,c/c89-member-access-recursion-struct-field-address.c.ll
242,c/c89-member-access-simple-field-pointer.c.ll
243,c/c89-member-access-struct-array-field.c.ll
244,c/c89-member-access-struct-field-address-global.c.ll
245,c/c89-member-access-struct-idx-inbound.c.ll
246,c/c89-member-access-struct-idx-overflow.c.ll
247,c/c89-member-access-struct1-field-alias.c.ll
248,c/c89-member-access-struct2-field-alias.c.ll
249,c/c89-member-access-swap-struct.c.ll
250,c/c89-member-access-swap-struct1.c.ll
251,c/c89-member-access-swap-structindirect.c.ll
252,c/c89-member-access-two-fields.c.ll
253,c/c89-member-access-type-basic-malloc-node.c.ll
254,c/c89-member-access-type-call-param-node.c.ll
255,c/c89-member-access-type-copy-alias-node.c.ll
256,c/c89-member-access-type-while-loop-node.c.ll
257,c/c89-memory-extapi-memcpy-char-ptr.c.ll
258,c/c89-memory-gap-memory-bag.c.ll
259,c/c89-memory-global-struct-array-memcpy.c.ll
260,c/c89-memory-struct-memcpy.c.ll
261,c/c89-null-pointer-array-1d-big.c.ll
262,c/c89-null-pointer-array-2d-small.c.ll
263,c/c89-null-pointer-array-of-struct.c.ll
264,c/c89-null-pointer-char-ptr-loop-branch-nullptr.c.ll
265,c/c89-null-pointer-int-ptr-func-return-val.c.ll
266,c/c89-null-pointer-int-ptr-indirect-func-return-val.c.ll
267,c/c89-null-pointer-int-ptr-uninit-ptr.c.ll
268,c/c89-null-pointer-null-1.c.ll
269,c/c89-null-pointer-recursive-return-null.c.ll
270,c/c89-null-pointer-uninit-ptr-print.c.ll
271,c/c89-pointer-difference-offset-field-ptr-arith-const-index.c.ll
272,c/c89-pointer-difference-offset-field-ptr-arith-var-index.c.ll
273,c/c89-pointer-difference-offset-test2-pointer-increment.c.ll
274,c/c89-pointer-difference-offset-test3-pointer-increment.c.ll
275,c/c89-pointer-difference-offset-test5-pointer-increment.c.ll
276,c/c89-pointer-difference-offset-test6-pointer-increment.c.ll
277,c/c89-pointer-difference-offset-test8-pointer-increment.c.ll
278,c/c89-qsort-int-pointer-array.c.ll
279,c/c89-qsort-secondary-pointer-array.c.ll
280,c/c89-qsort-string-pointer-array.c.ll
281,c/c89-qsort-struct-array-key-val.c.ll
282,c/c89-qsort-struct-pointer-array.c.ll
283,c/c89-string-copy-concat-nested-ptr.c.ll
284,c/c89-string-extapi-strcat-stack-ptr.c.ll
285,c/c89-string-extapi-strcpy-char-ptr.c.ll
286,c/c89-string-extapi-strcpy-stack-ptr.c.ll
287,c/c89-string-search-index-nested-ptr.c.ll
288,c/c89-struct-assignment-direct-struct-copy.c.ll
289,c/c89-struct-assignment-indirect-struct-copy.c.ll
290,c/c89-struct-assignment-instance-return-copy.c.ll
291,c/c89-struct-assignment-nested-struct-copy.c.ll
292,c/c89-struct-initializer-list-global-struct-initializer.c.ll
293,c/c89-struct-initializer-list-globalstruct-init.c.ll
294,c/c89-union-assignment-nested-struct-array.c.ll
295,c/c89-union-initializer-list-array-loop-ptr.c.ll
296,c/c89-union-initializer-list-global-local-ptr.c.ll
297,c/c89-union-initializer-list-recursive-ptr.c.ll
298,c/c89-union-initializer-list-struct-nested-ptr.c.ll
299,c/c89-union-initializer-list-switch-ptr.c.ll
300,c/c89-variadic-function-pointer-reduce.c.ll
301,c/c89-variadic-pointer-accumulate.c.ll
302,c/c89-variadic-struct-pointer-walk.c.ll
303,c/c89-void-pointer-extapi-strcpy-void-ptr.c.ll
304,c/c89-void-pointer-type-ret-malloc-wrapper.c.ll
305,c/c89-void-pointer-void-pointer-struct-alloc.c.ll
306,c/c99-compound-literal-array-param-pass.c.ll
307,c/c99-compound-literal-function-argument-chain.c.ll
308,c/c99-compound-literal-nested-struct-fields.c.ll
309,c/c99-compound-literal-pointer-to-pointer-assign.c.ll
310,c/c99-compound-literal-struct-address-basic.c.ll
311,c/c99-designated-initializer-funptr-nested-struct-simple.c.ll
312,c/c99-designated-initializer-funptr-nested-struct.c.ll
313,c/c99-designated-initializer-funptr-struct-field.c.ll
314,c/c99-designated-initializer-global-const-struct-funptr.c.ll
315,c/c99-designated-initializer-nested-struct-ptr.c.ll
316,c/c99-flexible-array-int-buffer.c.ll
317,c/c99-flexible-array-matrix-rows.c.ll
318,c/c99-flexible-array-pointer-members.c.ll
319,c/c99-flexible-array-string-table.c.ll
320,c/c99-flexible-array-tree-forest.c.ll
321,c/c99-vla-2d-pointer-to-row.c.ll
322,c/c99-vla-array-of-pointers.c.ll
323,c/c99-vla-basic-array-pointer.c.ll
324,c/c99-vla-computed-size-ptr-arithmetic.c.ll
325,c/c99-vla-function-parameter.c.ll
326,cpp/c11-anonymous-struct-union-tagged-ptr.cpp.ll
327,cpp/c89-basic-address-dereference-3d-array-index.cpp.ll
328,cpp/c89-basic-address-dereference-active-pointer-array.cpp.ll
329,cpp/c89-basic-address-dereference-array-index.cpp.ll
330,cpp/c89-basic-address-dereference-double-pointer-indirect.cpp.ll
331,cpp/c89-basic-address-dereference-global-array-index.cpp.ll
332,cpp/c89-basic-address-dereference-global-pointer-escape.cpp.ll
333,cpp/c89-basic-address-dereference-global-setter.cpp.ll
334,cpp/c89-basic-address-dereference-mutual-recursion.cpp.ll
335,cpp/c89-basic-address-dereference-out-param.cpp.ll
336,cpp/c89-basic-address-dereference-pointer-alias.cpp.ll
337,cpp/c89-basic-address-dereference-pointer-array-sort-1.cpp.ll
338,cpp/c89-basic-address-dereference-pointer-array-sort-2.cpp.ll
339,cpp/c89-basic-address-dereference-pointer-return-chain.cpp.ll
340,cpp/c89-basic-address-dereference-pointer-swap.cpp.ll
341,cpp/c89-basic-address-dereference-raw-array-variable-index.cpp.ll
342,cpp/c89-basic-address-dereference-recursion-param-1.cpp.ll
343,cpp/c89-basic-address-dereference-recursion-param-2.cpp.ll
344,cpp/c89-basic-address-dereference-recursive-return.cpp.ll
345,cpp/c89-basic-address-dereference-scalar-address.cpp.ll
346,cpp/c89-basic-address-dereference-selector-2d-array.cpp.ll
347,cpp/c89-basic-address-dereference-static-local.cpp.ll
348,cpp/c89-basic-address-dereference-triple-pointer-array.cpp.ll
349,cpp/c89-basic-address-dereference-triple-pointer-deref.cpp.ll
350,cpp/c89-basic-address-dereference-triple-pointer.cpp.ll
351,cpp/c89-conversion-char-pool-cast.cpp.ll
352,cpp/c89-conversion-char-pool-multi-node.cpp.ll
353,cpp/c89-conversion-member-address-to-struct.cpp.ll
354,cpp/c89-function-pointer-2d-array.cpp.ll
355,cpp/c89-function-pointer-array-pointer-arith.cpp.ll
356,cpp/c89-function-pointer-callback-register-global.cpp.ll
357,cpp/c89-function-pointer-const-table-dispatch-index.cpp.ll
358,cpp/c89-function-pointer-fnptr-array-param.cpp.ll
359,cpp/c89-function-pointer-fntab-array-call.cpp.ll
360,cpp/c89-function-pointer-function-return.cpp.ll
361,cpp/c89-function-pointer-function-returning-fnptr.cpp.ll
362,cpp/c89-function-pointer-global-callback.cpp.ll
363,cpp/c89-function-pointer-global-cycle-1.cpp.ll
364,cpp/c89-function-pointer-global-cycle-2.cpp.ll
365,cpp/c89-function-pointer-jump-table-array.cpp.ll
366,cpp/c89-function-pointer-jump-table-struct.cpp.ll
367,cpp/c89-function-pointer-linked-list-fnptr-loop.cpp.ll
368,cpp/c89-function-pointer-member-fn-ptr-heap.cpp.ll
369,cpp/c89-function-pointer-member-fn-ptr-invoke.cpp.ll
370,cpp/c89-function-pointer-member-fn-ptr-stack.cpp.ll
371,cpp/c89-function-pointer-member-fn-ptr.cpp.ll
372,cpp/c89-function-pointer-member-ptr-struct-field.cpp.ll
373,cpp/c89-function-pointer-mutual-recursion.cpp.ll
374,cpp/c89-function-pointer-ops-struct-dispatch.cpp.ll
375,cpp/c89-function-pointer-pointer-ptr-cast.cpp.ll
376,cpp/c89-function-pointer-pointer-to-pointer.cpp.ll
377,cpp/c89-function-pointer-recursive-dispatch.cpp.ll
378,cpp/c89-function-pointer-static-table-index-1.cpp.ll
379,cpp/c89-function-pointer-static-table-index-2.cpp.ll
380,cpp/c89-function-pointer-struct-array-call.cpp.ll
381,cpp/c89-function-pointer-struct-array-field.cpp.ll
382,cpp/c89-function-pointer-struct-array.cpp.ll
383,cpp/c89-function-pointer-struct-byval-param.cpp.ll
384,cpp/c89-function-pointer-struct-copy-invoke.cpp.ll
385,cpp/c89-function-pointer-struct-field-global.cpp.ll
386,cpp/c89-function-pointer-struct-field-indexed-call.cpp.ll
387,cpp/c89-function-pointer-struct-fn-array-field.cpp.ll
388,cpp/c89-function-pointer-struct-fnptr-copy.cpp.ll
389,cpp/c89-function-pointer-struct-fnptr-cycle.cpp.ll
390,cpp/c89-function-pointer-struct-member-call.cpp.ll
391,cpp/c89-function-pointer-two-level-deref.cpp.ll
392,cpp/c89-function-pointer-void-cast.cpp.ll
393,cpp/c89-function-pointer-void-pointer-table-cast.cpp.ll
394,cpp/c89-member-access-array-field.cpp.ll
395,cpp/c89-member-access-array-struct-field-index.cpp.ll
396,cpp/c89-member-access-array-struct-field.cpp.ll
397,cpp/c89-member-access-bitfield-struct.cpp.ll
398,cpp/c89-member-access-builder-pointer-field.cpp.ll
399,cpp/c89-member-access-dynamic-index-member.cpp.ll
400,cpp/c89-member-access-free-list-traversal.cpp.ll
401,cpp/c89-member-access-global-array-field.cpp.ll
402,cpp/c89-member-access-ilist-cycle.cpp.ll
403,cpp/c89-member-access-ilist-two-heads.cpp.ll
404,cpp/c89-member-access-linked-list-reverse.cpp.ll
405,cpp/c89-member-access-linked-list-traversal.cpp.ll
406,cpp/c89-member-access-linked-node-loop.cpp.ll
407,cpp/c89-member-access-linked-node-member.cpp.ll
408,cpp/c89-member-access-list-traversal-next.cpp.ll
409,cpp/c89-member-access-member-address-indirect.cpp.ll
410,cpp/c89-member-access-nested-builder-fields.cpp.ll
411,cpp/c89-member-access-nested-field-address.cpp.ll
412,cpp/c89-member-access-nested-field-pointer.cpp.ll
413,cpp/c89-member-access-nested-struct-array-field-1.cpp.ll
414,cpp/c89-member-access-nested-struct-array-field-2.cpp.ll
415,cpp/c89-member-access-nested-struct.cpp.ll
416,cpp/c89-member-access-packed-struct.cpp.ll
417,cpp/c89-member-access-pointer-array-member.cpp.ll
418,cpp/c89-member-access-pointer-to-field-1.cpp.ll
419,cpp/c89-member-access-pointer-to-field-2.cpp.ll
420,cpp/c89-member-access-pointer-to-field-loop.cpp.ll
421,cpp/c89-member-access-pointer-to-field-readback.cpp.ll
422,cpp/c89-member-access-pointer-two-fields.cpp.ll
423,cpp/c89-member-access-refcount-graph.cpp.ll
424,cpp/c89-member-access-refcount-operand.cpp.ll
425,cpp/c89-member-access-skbuff-data-pointer.cpp.ll
426,cpp/c89-member-access-stack-member-address.cpp.ll
427,cpp/c89-member-access-struct-field-offset-distinct.cpp.ll
428,cpp/c89-member-access-struct-field-pointer.cpp.ll
429,cpp/c89-member-access-struct-pointer-field.cpp.ll
430,cpp/c89-member-access-struct-pointer-swap.cpp.ll
431,cpp/c89-member-access-tree-walk.cpp.ll
432,cpp/c89-member-access-two-load-array-alias.cpp.ll
433,cpp/c89-pointer-difference-offset-array-element-write-1.cpp.ll
434,cpp/c89-pointer-difference-offset-array-element-write-2.cpp.ll
435,cpp/c89-pointer-difference-offset-array-element.cpp.ll
436,cpp/c89-pointer-difference-offset-matrix-index.cpp.ll
437,cpp/c89-pointer-difference-offset-member-pointer-arith.cpp.ll
438,cpp/c89-pointer-difference-offset-member-pointer-minus-one.cpp.ll
439,cpp/c89-pointer-difference-offset-nested-field.cpp.ll
440,cpp/c89-pointer-difference-offset-ping-pong-buffer.cpp.ll
441,cpp/c89-pointer-difference-offset-pool-index.cpp.ll
442,cpp/c89-pointer-difference-offset-ring-buffer-index.cpp.ll
443,cpp/c89-pointer-difference-offset-struct-field.cpp.ll
444,cpp/c89-struct-assignment-by-value-field.cpp.ll
445,cpp/c89-struct-assignment-byval-param-pointer-field-1.cpp.ll
446,cpp/c89-struct-assignment-byval-param-pointer-field-2.cpp.ll
447,cpp/c89-struct-assignment-copy-pointer.cpp.ll
448,cpp/c89-struct-assignment-return-pointer-array-field.cpp.ll
449,cpp/c89-struct-initializer-list-array-element-aggregate.cpp.ll
450,cpp/c89-struct-initializer-list-factory-wrapper-pointer.cpp.ll
451,cpp/c89-struct-initializer-list-recursive-return.cpp.ll
452,cpp/c89-struct-initializer-list-return-aggregate.cpp.ll
453,cpp/c89-union-assignment-fnptr.cpp.ll
454,cpp/c89-union-assignment-pointer-member-alias.cpp.ll
455,cpp/c89-union-assignment-pointer-raw.cpp.ll
456,cpp/c89-union-assignment-void-pointer.cpp.ll
457,cpp/c89-void-pointer-cast-roundtrip.cpp.ll
458,cpp/c89-void-pointer-void-cast.cpp.ll
459,cpp/cpp11-lambda-capture-local-pointer.cpp.ll
460,cpp/cpp11-lambda-capture-ref-local.cpp.ll
461,cpp/cpp11-lambda-direct-call.cpp.ll
462,cpp/cpp11-lambda-explicit-ref-capture.cpp.ll
463,cpp/cpp11-lambda-lambda-capture-virtual-call.cpp.ll
464,cpp/cpp11-lambda-local-fnptr.cpp.ll
465,cpp/cpp11-lambda-nested-capture.cpp.ll
466,cpp/cpp11-lambda-pointer-param.cpp.ll
467,cpp/cpp11-lambda-return-capture.cpp.ll
468,cpp/cpp11-smart-pointer-intrusive-refcount-ptr.cpp.ll
469,cpp/cpp20-ebo-empty-base-address-double-ptr.cpp.ll
470,cpp/cpp20-ebo-empty-base-chain-layout-probe.cpp.ll
471,cpp/cpp20-ebo-multiple-inheritance-subobject-offset.cpp.ll
472,cpp/cpp20-ebo-no-unique-address-member-offset.cpp.ll
473,cpp/cpp20-ebo-no-unique-address-vs-empty-member.cpp.ll
474,cpp/cpp98-char-pointer-byte-alias.cpp.ll
475,cpp/cpp98-char-pointer-string-double-ptr.cpp.ll
476,cpp/cpp98-char-pointer-virtual-call-char-buffer.cpp.ll
477,cpp/cpp98-const-cast-add-const-pointer.cpp.ll
478,cpp/cpp98-const-cast-const-double-pointer.cpp.ll
479,cpp/cpp98-const-cast-const-method.cpp.ll
480,cpp/cpp98-const-cast-pointer-to-const.cpp.ll
481,cpp/cpp98-const-cast-remove-const-pointer.cpp.ll
482,cpp/cpp98-constructor-constructor-base-init-1.cpp.ll
483,cpp/cpp98-constructor-constructor-this-escape-2.cpp.ll
484,cpp/cpp98-constructor-singleton-static-instance.cpp.ll
485,cpp/cpp98-constructor-value-object-pointer-field-1.cpp.ll
486,cpp/cpp98-constructor-value-object-pointer-field-2.cpp.ll
487,cpp/cpp98-copy-constructor-assignment-deep-owner.cpp.ll
488,cpp/cpp98-copy-constructor-deep-vs-shallow.cpp.ll
489,cpp/cpp98-copy-constructor-list-copy.cpp.ll
490,cpp/cpp98-copy-constructor-nested-ptr-return.cpp.ll
491,cpp/cpp98-copy-constructor-pass-return.cpp.ll
492,cpp/cpp98-delete-array-new-delete-ptr-table.cpp.ll
493,cpp/cpp98-delete-heap-object-double-ptr.cpp.ll
494,cpp/cpp98-delete-new-delete-basic-pair.cpp.ll
495,cpp/cpp98-delete-overloaded-operator-new-delete.cpp.ll
496,cpp/cpp98-delete-polymorphic-base-virtual-dtor.cpp.ll
497,cpp/cpp98-destructor-linked-list.cpp.ll
498,cpp/cpp98-destructor-pointer-members.cpp.ll
499,cpp/cpp98-destructor-virtual-base-delete.cpp.ll
500,cpp/cpp98-destructor-virtual-destructor-delete-1.cpp.ll
501,cpp/cpp98-destructor-virtual-destructor-this-2.cpp.ll
502,cpp/cpp98-dynamic-cast-cross-cast-pointer-adjust.cpp.ll
503,cpp/cpp98-dynamic-cast-dynamic-cast-downcast-1.cpp.ll
504,cpp/cpp98-dynamic-cast-pointer-downcast-null.cpp.ll
505,cpp/cpp98-dynamic-cast-reference-bad-cast.cpp.ll
506,cpp/cpp98-dynamic-cast-virtual-base-void-pointer.cpp.ll
507,cpp/cpp98-exception-basic-throw-catch-double-ptr.cpp.ll
508,cpp/cpp98-exception-catch-base-derived-dispatch.cpp.ll
509,cpp/cpp98-exception-multicatch-hierarchy-trace.cpp.ll
510,cpp/cpp98-exception-rethrow-list-resource-release.cpp.ll
511,cpp/cpp98-exception-throw-pointer-resource-cleanup.cpp.ll
512,cpp/cpp98-new-field-address.cpp.ll
513,cpp/cpp98-new-heap-array-alias.cpp.ll
514,cpp/cpp98-new-heap-struct-field.cpp.ll
515,cpp/cpp98-new-heap-struct-function-pointer.cpp.ll
516,cpp/cpp98-new-object-assign.cpp.ll
517,cpp/cpp98-new-recursive-struct-return.cpp.ll
518,cpp/cpp98-reinterpret-cast-astnode-field.cpp.ll
519,cpp/cpp98-reinterpret-cast-binexpr-field.cpp.ll
520,cpp/cpp98-reinterpret-cast-char-buffer-member.cpp.ll
521,cpp/cpp98-reinterpret-cast-struct-roundtrip.cpp.ll
522,cpp/cpp98-static-cast-base-derived-pointer.cpp.ll
523,cpp/cpp98-static-cast-multiple-inheritance-adjust.cpp.ll
524,cpp/cpp98-static-cast-secondary-pointer-access.cpp.ll
525,cpp/cpp98-static-cast-static-cast-struct-gep.cpp.ll
526,cpp/cpp98-static-cast-void-pointer-chain.cpp.ll
527,cpp/cpp98-static-dynamic-type-base-ptr-derived.cpp.ll
528,cpp/cpp98-static-dynamic-type-multiple-inheritance-offset.cpp.ll
529,cpp/cpp98-static-dynamic-type-nonvirtual-vs-virtual.cpp.ll
530,cpp/cpp98-static-dynamic-type-this-offset-adjustment.cpp.ll
531,cpp/cpp98-static-dynamic-type-virtual-dispatch.cpp.ll
532,cpp/cpp98-stl-iterator-custom-list-iterator.cpp.ll
533,cpp/cpp98-subobject-pointer-adjustment-diamond-nonvirtual-adjust.cpp.ll
534,cpp/cpp98-subobject-pointer-adjustment-intrusive-list-node.cpp.ll
535,cpp/cpp98-subobject-pointer-adjustment-multi-inheritance-three-bases.cpp.ll
536,cpp/cpp98-subobject-pointer-adjustment-multi-inheritance-two-bases-two-methods.cpp.ll
537,cpp/cpp98-subobject-pointer-adjustment-multi-inheritance-two-bases.cpp.ll
538,cpp/cpp98-subobject-pointer-adjustment-pointer-arithmetic-object-array.cpp.ll
539,cpp/cpp98-subobject-pointer-adjustment-virtual-base-dispatch-1.cpp.ll
540,cpp/cpp98-subobject-pointer-adjustment-virtual-base-override-2.cpp.ll
541,cpp/cpp98-subobject-pointer-adjustment-virtual-base-two-methods-3.cpp.ll
542,cpp/cpp98-subobject-pointer-adjustment-virtual-diamond-adjust-2.cpp.ll
543,cpp/cpp98-subobject-pointer-adjustment-virtual-diamond-inheritance.cpp.ll
544,cpp/cpp98-subobject-pointer-adjustment-virtual-diamond-plus-multi-inheritance.cpp.ll
545,cpp/cpp98-this-pointer-as-parameter.cpp.ll
546,cpp/cpp98-this-pointer-inheritance-adjust.cpp.ll
547,cpp/cpp98-this-pointer-member-pointer-field.cpp.ll
548,cpp/cpp98-this-pointer-return-chaining.cpp.ll
549,cpp/cpp98-this-pointer-store-double-ptr.cpp.ll
550,cpp/cpp98-virtual-function-abstract-pure-virtual.cpp.ll
551,cpp/cpp98-virtual-function-diamond-dispatch.cpp.ll
552,cpp/cpp98-virtual-function-dispatch-chain.cpp.ll
553,cpp/cpp98-virtual-function-function-pointer-vs-virtual.cpp.ll
554,cpp/cpp98-virtual-function-global-base-dispatch.cpp.ll
555,cpp/cpp98-virtual-function-global-dispatch.cpp.ll
556,cpp/cpp98-virtual-function-holder-member.cpp.ll
557,cpp/cpp98-virtual-function-inherited-override-dispatch-1.cpp.ll
558,cpp/cpp98-virtual-function-inherited-override-dispatch-2.cpp.ll
559,cpp/cpp98-virtual-function-multilevel-dispatch.cpp.ll
560,cpp/cpp98-virtual-function-namespace-pure-virtual.cpp.ll
561,cpp/cpp98-virtual-function-object-slicing-byval.cpp.ll
562,cpp/cpp98-virtual-function-pointer-to-member-virtual.cpp.ll
563,cpp/cpp98-virtual-function-return.cpp.ll
564,cpp/cpp98-virtual-function-single-inheritance-dispatch-1.cpp.ll
565,cpp/cpp98-virtual-function-single-inheritance-dispatch-4.cpp.ll
566,cpp/cpp98-virtual-function-single-inheritance-dispatch.cpp.ll
567,cpp/cpp98-virtual-function-single-inheritance-separate-objects-2.cpp.ll
568,cpp/cpp98-virtual-function-single-inheritance-two-derived.cpp.ll
569,cpp/cpp98-virtual-function-single-inheritance-two-methods-3.cpp.ll
570,cpp/cpp98-virtual-function-virtual-dispatch-array.cpp.ll
571,cpp/cpp98-virtual-function-virtual-dispatch-new-derived.cpp.ll
572,cpp/cpp98-virtual-function-virtual-return-pointer.cpp.ll
573,stl-libcxx/c89-allocation-std-allocator.cpp.ll
574,stl-libcxx/c89-memory-memcpy-struct-pointer-field.cpp.ll
575,stl-libcxx/c89-memory-struct-memcpy.cpp.ll
576,stl-libcxx/c89-pointer-difference-offset-container-of-1.cpp.ll
577,stl-libcxx/c89-pointer-difference-offset-container-of-2.cpp.ll
578,stl-libcxx/c89-pointer-difference-offset-intrusive-list.cpp.ll
579,stl-libcxx/c89-struct-initializer-list-function-return.cpp.ll
580,stl-libcxx/c89-variadic-va-arg-pointer.cpp.ll
581,stl-libcxx/c89-variadic-va-list-void-pointer.cpp.ll
582,stl-libcxx/cpp11-emplace-list-front-hint-ptr.cpp.ll
583,stl-libcxx/cpp11-emplace-map-emplace.cpp.ll
584,stl-libcxx/cpp11-emplace-map-set-hint-ptr.cpp.ll
585,stl-libcxx/cpp11-emplace-vector-back-ptr-object.cpp.ll
586,stl-libcxx/cpp11-emplace-vector-emplace-ref.cpp.ll
587,stl-libcxx/cpp11-initializer-list-ctor-brace-ptr-members.cpp.ll
588,stl-libcxx/cpp11-initializer-list-function-args-vector-map.cpp.ll
589,stl-libcxx/cpp11-initializer-list-nested-double-ptr-container.cpp.ll
590,stl-libcxx/cpp11-initializer-list-return-brace-container-set.cpp.ll
591,stl-libcxx/cpp11-initializer-list-vector-ptr.cpp.ll
592,stl-libcxx/cpp11-lambda-capture-ref-stdfunction.cpp.ll
593,stl-libcxx/cpp11-lambda-capture-this.cpp.ll
594,stl-libcxx/cpp11-lambda-fn-member-capture.cpp.ll
595,stl-libcxx/cpp11-move-container-ptr-moved-from-null.cpp.ll
596,stl-libcxx/cpp11-move-pair-map-move.cpp.ll
597,stl-libcxx/cpp11-move-rvalue-ref-ptr-transfer.cpp.ll
598,stl-libcxx/cpp11-move-vector-ptr-move-constructor.cpp.ll
599,stl-libcxx/cpp11-move-vector-ptr.cpp.ll
600,stl-libcxx/cpp11-smart-pointer-aliasing-constructor-1.cpp.ll
601,stl-libcxx/cpp11-smart-pointer-aliasing-constructor-2.cpp.ll
602,stl-libcxx/cpp11-smart-pointer-enable-shared-from-this.cpp.ll
603,stl-libcxx/cpp11-smart-pointer-make-shared-get.cpp.ll
604,stl-libcxx/cpp11-smart-pointer-pimpl-unique-ptr.cpp.ll
605,stl-libcxx/cpp11-smart-pointer-shared-get.cpp.ll
606,stl-libcxx/cpp11-smart-pointer-shared-member-address.cpp.ll
607,stl-libcxx/cpp11-smart-pointer-shared-ptr-get.cpp.ll
608,stl-libcxx/cpp11-smart-pointer-shared-ptr-node-copy.cpp.ll
609,stl-libcxx/cpp11-smart-pointer-unique-member-address.cpp.ll
610,stl-libcxx/cpp11-smart-pointer-unique-ptr-get.cpp.ll
611,stl-libcxx/cpp11-stl-container-array-back-3.cpp.ll
612,stl-libcxx/cpp11-stl-container-array-front-2.cpp.ll
613,stl-libcxx/cpp11-stl-container-array-ptr-index.cpp.ll
614,stl-libcxx/cpp11-stl-container-array-return-pointer.cpp.ll
615,stl-libcxx/cpp11-stl-container-array-subscript-1.cpp.ll
616,stl-libcxx/cpp11-stl-container-forward-list-begin-iterator-2.cpp.ll
617,stl-libcxx/cpp11-stl-container-forward-list-front-1.cpp.ll
618,stl-libcxx/cpp11-stl-container-forward-list-value-front-3.cpp.ll
619,stl-libcxx/cpp11-stl-container-forward-list-value-iterator-4.cpp.ll
620,stl-libcxx/cpp11-stl-container-forward-list.cpp.ll
621,stl-libcxx/cpp11-stl-container-make-tuple-local.cpp.ll
622,stl-libcxx/cpp11-stl-container-tuple-ptr-get.cpp.ll
623,stl-libcxx/cpp11-stl-container-unordered-map-pointer-2.cpp.ll
624,stl-libcxx/cpp11-stl-container-unordered-map-value-1.cpp.ll
625,stl-libcxx/cpp11-stl-container-unordered-set-insert.cpp.ll
626,stl-libcxx/cpp11-stl-container-unordered-set-pointer-1.cpp.ll
627,stl-libcxx/cpp17-memory-aligned-new-delete-double-ptr.cpp.ll
628,stl-libcxx/cpp17-memory-uninitialized-copy-move-ptr-member.cpp.ll
629,stl-libcxx/cpp17-memory-uninitialized-default-construct-ptr-array.cpp.ll
630,stl-libcxx/cpp17-memory-uninitialized-fill-destroy-at-n.cpp.ll
631,stl-libcxx/cpp17-memory-uninitialized-value-construct-double-ptr.cpp.ll
632,stl-libcxx/cpp17-vocabulary-type-any-cast-pointer-1.cpp.ll
633,stl-libcxx/cpp17-vocabulary-type-any-cast-pointer-2.cpp.ll
634,stl-libcxx/cpp17-vocabulary-type-any-cast.cpp.ll
635,stl-libcxx/cpp17-vocabulary-type-any-pointer-return.cpp.ll
636,stl-libcxx/cpp17-vocabulary-type-optional-ptr.cpp.ll
637,stl-libcxx/cpp17-vocabulary-type-structured-binding-pair.cpp.ll
638,stl-libcxx/cpp17-vocabulary-type-tuple-pointer-return.cpp.ll
639,stl-libcxx/cpp17-vocabulary-type-variant-function.cpp.ll
640,stl-libcxx/cpp17-vocabulary-type-variant-get-if.cpp.ll
641,stl-libcxx/cpp17-vocabulary-type-variant-get-pointer.cpp.ll
642,stl-libcxx/cpp20-ranges-span-pointer-array.cpp.ll
643,stl-libcxx/cpp98-char-pointer-getenv-static-return-1.cpp.ll
644,stl-libcxx/cpp98-char-pointer-gmtime-localtime-static-return-2.cpp.ll
645,stl-libcxx/cpp98-constructor-global-object-table.cpp.ll
646,stl-libcxx/cpp98-reinterpret-cast-char-buffer-struct-pun.cpp.ll
647,stl-libcxx/cpp98-reinterpret-cast-embedded-pointer-tag.cpp.ll
648,stl-libcxx/cpp98-reinterpret-cast-pointer-int-pair-1.cpp.ll
649,stl-libcxx/cpp98-reinterpret-cast-pointer-int-pair-2.cpp.ll
650,stl-libcxx/cpp98-reinterpret-cast-tagged-pointer-union.cpp.ll
651,stl-libcxx/cpp98-stl-copy-back-inserter-struct-ptr.cpp.ll
652,stl-libcxx/cpp98-stl-copy-backinserter.cpp.ll
653,stl-libcxx/cpp98-stl-copy-backward-overlap-ptr.cpp.ll
654,stl-libcxx/cpp98-stl-copy-double-ptr-container.cpp.ll
655,stl-libcxx/cpp98-stl-copy-vector-ptr-to-list.cpp.ll
656,stl-libcxx/cpp98-stl-exception-catch-by-base-polymorphic.cpp.ll
657,stl-libcxx/cpp98-stl-exception-logic-error-map.cpp.ll
658,stl-libcxx/cpp98-stl-exception-out-of-range-vector.cpp.ll
659,stl-libcxx/cpp98-stl-exception-resource-cleanup-container.cpp.ll
660,stl-libcxx/cpp98-stl-exception-runtime-error-string.cpp.ll
661,stl-libcxx/cpp98-stl-functional-array.cpp.ll
662,stl-libcxx/cpp98-stl-functional-bind-free-function.cpp.ll
663,stl-libcxx/cpp98-stl-functional-bind-member-auto.cpp.ll
664,stl-libcxx/cpp98-stl-functional-bind-member-fn.cpp.ll
665,stl-libcxx/cpp98-stl-functional-global-assign.cpp.ll
666,stl-libcxx/cpp98-stl-functional-local-lambda.cpp.ll
667,stl-libcxx/cpp98-stl-functional-map-callback-copy-1.cpp.ll
668,stl-libcxx/cpp98-stl-functional-map-callback-copy-2.cpp.ll
669,stl-libcxx/cpp98-stl-functional-map-callback-direct-1.cpp.ll
670,stl-libcxx/cpp98-stl-functional-map-callback-direct-2.cpp.ll
671,stl-libcxx/cpp98-stl-functional-member-fn-wrapper.cpp.ll
672,stl-libcxx/cpp98-stl-functional-reassign.cpp.ll
673,stl-libcxx/cpp98-stl-functional-recursive-lambda.cpp.ll
674,stl-libcxx/cpp98-stl-functional-reference-wrapper-ptr.cpp.ll
675,stl-libcxx/cpp98-stl-functional-std-function-param-lambda.cpp.ll
676,stl-libcxx/cpp98-stl-functional-std-function-return-lambda.cpp.ll
677,stl-libcxx/cpp98-stl-functional-struct-field-indexed.cpp.ll
678,stl-libcxx/cpp98-stl-functional-struct-return-assign.cpp.ll
679,stl-libcxx/cpp98-stl-functional-vector-function.cpp.ll
680,stl-libcxx/cpp98-stl-iterator-deque-begin-iterator-2.cpp.ll
681,stl-libcxx/cpp98-stl-iterator-deque-value-iterator-4.cpp.ll
682,stl-libcxx/cpp98-stl-iterator-find-deref.cpp.ll
683,stl-libcxx/cpp98-stl-iterator-increment.cpp.ll
684,stl-libcxx/cpp98-stl-iterator-list-const-iterator-1.cpp.ll
685,stl-libcxx/cpp98-stl-iterator-map-find-deref.cpp.ll
686,stl-libcxx/cpp98-stl-iterator-map-insert-pair.cpp.ll
687,stl-libcxx/cpp98-stl-iterator-min-element-deref.cpp.ll
688,stl-libcxx/cpp98-stl-iterator-stored-invalidation.cpp.ll
689,stl-libcxx/cpp98-stl-iterator-vector-begin-deref.cpp.ll
690,stl-libcxx/cpp98-stl-iterator-vector-const-iterator-pointer-4.cpp.ll
691,stl-libcxx/cpp98-stl-iterator-vector-const-iterator-value-3.cpp.ll
692,stl-libcxx/cpp98-stl-linear-container-deque-pointer-front-1.cpp.ll
693,stl-libcxx/cpp98-stl-linear-container-deque-push.cpp.ll
694,stl-libcxx/cpp98-stl-linear-container-deque-pushfront.cpp.ll
695,stl-libcxx/cpp98-stl-linear-container-deque-value-front-3.cpp.ll
696,stl-libcxx/cpp98-stl-linear-container-element-ref.cpp.ll
697,stl-libcxx/cpp98-stl-linear-container-list-pointer-front-2.cpp.ll
698,stl-libcxx/cpp98-stl-linear-container-list-ptr-pushback.cpp.ll
699,stl-libcxx/cpp98-stl-linear-container-list-splice-1.cpp.ll
700,stl-libcxx/cpp98-stl-linear-container-list-splice-2.cpp.ll
701,stl-libcxx/cpp98-stl-linear-container-nested-vector-ptr.cpp.ll
702,stl-libcxx/cpp98-stl-linear-container-pair-copy-vector.cpp.ll
703,stl-libcxx/cpp98-stl-linear-container-push-back-index.cpp.ll
704,stl-libcxx/cpp98-stl-linear-container-resize-index.cpp.ll
705,stl-libcxx/cpp98-stl-linear-container-return-vector-ptr.cpp.ll
706,stl-libcxx/cpp98-stl-linear-container-vector-assign.cpp.ll
707,stl-libcxx/cpp98-stl-linear-container-vector-back-pointer.cpp.ll
708,stl-libcxx/cpp98-stl-linear-container-vector-class-field-sensitivity.cpp.ll
709,stl-libcxx/cpp98-stl-linear-container-vector-class-pointer-member.cpp.ll
710,stl-libcxx/cpp98-stl-linear-container-vector-data-pointer.cpp.ll
711,stl-libcxx/cpp98-stl-linear-container-vector-erase.cpp.ll
712,stl-libcxx/cpp98-stl-linear-container-vector-front-pointer.cpp.ll
713,stl-libcxx/cpp98-stl-linear-container-vector-insert.cpp.ll
714,stl-libcxx/cpp98-stl-linear-container-vector-popback-index.cpp.ll
715,stl-libcxx/cpp98-stl-linear-container-vector-push-back.cpp.ll
716,stl-libcxx/cpp98-stl-linear-container-vector-pushback-index.cpp.ll
717,stl-libcxx/cpp98-stl-linear-container-vector-reserve-pushback.cpp.ll
718,stl-libcxx/cpp98-stl-linear-container-vector-runtime-index.cpp.ll
719,stl-libcxx/cpp98-stl-linear-container-vector-subscript-pointer-2.cpp.ll
720,stl-libcxx/cpp98-stl-linear-container-vector-subscript-value-1.cpp.ll
721,stl-libcxx/cpp98-stl-linear-container-vector-swap.cpp.ll
722,stl-libcxx/cpp98-stl-other-container-map-brace-insert.cpp.ll
723,stl-libcxx/cpp98-stl-other-container-map-index-store.cpp.ll
724,stl-libcxx/cpp98-stl-other-container-map-insert-index.cpp.ll
725,stl-libcxx/cpp98-stl-other-container-map-insert-pointer.cpp.ll
726,stl-libcxx/cpp98-stl-other-container-map-mapped-ref.cpp.ll
727,stl-libcxx/cpp98-stl-other-container-map-pointer-iterator-2.cpp.ll
728,stl-libcxx/cpp98-stl-other-container-map-value-iterator-1.cpp.ll
729,stl-libcxx/cpp98-stl-other-container-pair-map-copy.cpp.ll
730,stl-libcxx/cpp98-stl-other-container-pair-swap.cpp.ll
731,stl-libcxx/cpp98-stl-other-container-queue-pointer-2.cpp.ll
732,stl-libcxx/cpp98-stl-other-container-queue-push.cpp.ll
733,stl-libcxx/cpp98-stl-other-container-queue-value-1.cpp.ll
734,stl-libcxx/cpp98-stl-other-container-set-comparison-operators-1.cpp.ll
735,stl-libcxx/cpp98-stl-other-container-set-insert.cpp.ll
736,stl-libcxx/cpp98-stl-other-container-set-pointer-iterator-2.cpp.ll
737,stl-libcxx/cpp98-stl-other-container-stack-pointer-2.cpp.ll
738,stl-libcxx/cpp98-stl-other-container-stack-push.cpp.ll
739,stl-libcxx/cpp98-stl-other-container-stack-value-1.cpp.ll
740,stl-libcxx/cpp98-stl-sort-function-object-deref.cpp.ll
741,stl-libcxx/cpp98-stl-sort-lower-bound-ptr.cpp.ll
742,stl-libcxx/cpp98-stl-sort-ptr-to-struct-member.cpp.ll
743,stl-libcxx/cpp98-stl-sort-stable-pointer-index.cpp.ll
744,stl-libcxx/cpp98-stl-sort-vector-of-ptr-int.cpp.ll
745,stl-libstdcxx/c89-allocation-std-allocator.cpp.ll
746,stl-libstdcxx/c89-memory-memcpy-struct-pointer-field.cpp.ll
747,stl-libstdcxx/c89-memory-struct-memcpy.cpp.ll
748,stl-libstdcxx/c89-pointer-difference-offset-container-of-1.cpp.ll
749,stl-libstdcxx/c89-pointer-difference-offset-container-of-2.cpp.ll
750,stl-libstdcxx/c89-pointer-difference-offset-intrusive-list.cpp.ll
751,stl-libstdcxx/c89-struct-initializer-list-function-return.cpp.ll
752,stl-libstdcxx/c89-variadic-va-arg-pointer.cpp.ll
753,stl-libstdcxx/c89-variadic-va-list-void-pointer.cpp.ll
754,stl-libstdcxx/cpp11-emplace-list-front-hint-ptr.cpp.ll
755,stl-libstdcxx/cpp11-emplace-map-emplace.cpp.ll
756,stl-libstdcxx/cpp11-emplace-map-set-hint-ptr.cpp.ll
757,stl-libstdcxx/cpp11-emplace-vector-back-ptr-object.cpp.ll
758,stl-libstdcxx/cpp11-emplace-vector-emplace-ref.cpp.ll
759,stl-libstdcxx/cpp11-initializer-list-ctor-brace-ptr-members.cpp.ll
760,stl-libstdcxx/cpp11-initializer-list-function-args-vector-map.cpp.ll
761,stl-libstdcxx/cpp11-initializer-list-nested-double-ptr-container.cpp.ll
762,stl-libstdcxx/cpp11-initializer-list-return-brace-container-set.cpp.ll
763,stl-libstdcxx/cpp11-initializer-list-vector-ptr.cpp.ll
764,stl-libstdcxx/cpp11-lambda-capture-ref-stdfunction.cpp.ll
765,stl-libstdcxx/cpp11-lambda-capture-this.cpp.ll
766,stl-libstdcxx/cpp11-lambda-fn-member-capture.cpp.ll
767,stl-libstdcxx/cpp11-move-container-ptr-moved-from-null.cpp.ll
768,stl-libstdcxx/cpp11-move-pair-map-move.cpp.ll
769,stl-libstdcxx/cpp11-move-rvalue-ref-ptr-transfer.cpp.ll
770,stl-libstdcxx/cpp11-move-vector-ptr-move-constructor.cpp.ll
771,stl-libstdcxx/cpp11-move-vector-ptr.cpp.ll
772,stl-libstdcxx/cpp11-smart-pointer-aliasing-constructor-1.cpp.ll
773,stl-libstdcxx/cpp11-smart-pointer-aliasing-constructor-2.cpp.ll
774,stl-libstdcxx/cpp11-smart-pointer-enable-shared-from-this.cpp.ll
775,stl-libstdcxx/cpp11-smart-pointer-make-shared-get.cpp.ll
776,stl-libstdcxx/cpp11-smart-pointer-pimpl-unique-ptr.cpp.ll
777,stl-libstdcxx/cpp11-smart-pointer-shared-get.cpp.ll
778,stl-libstdcxx/cpp11-smart-pointer-shared-member-address.cpp.ll
779,stl-libstdcxx/cpp11-smart-pointer-shared-ptr-get.cpp.ll
780,stl-libstdcxx/cpp11-smart-pointer-shared-ptr-node-copy.cpp.ll
781,stl-libstdcxx/cpp11-smart-pointer-unique-member-address.cpp.ll
782,stl-libstdcxx/cpp11-smart-pointer-unique-ptr-get.cpp.ll
783,stl-libstdcxx/cpp11-stl-container-array-back-3.cpp.ll
784,stl-libstdcxx/cpp11-stl-container-array-front-2.cpp.ll
785,stl-libstdcxx/cpp11-stl-container-array-ptr-index.cpp.ll
786,stl-libstdcxx/cpp11-stl-container-array-return-pointer.cpp.ll
787,stl-libstdcxx/cpp11-stl-container-array-subscript-1.cpp.ll
788,stl-libstdcxx/cpp11-stl-container-forward-list-begin-iterator-2.cpp.ll
789,stl-libstdcxx/cpp11-stl-container-forward-list-front-1.cpp.ll
790,stl-libstdcxx/cpp11-stl-container-forward-list-value-front-3.cpp.ll
791,stl-libstdcxx/cpp11-stl-container-forward-list-value-iterator-4.cpp.ll
792,stl-libstdcxx/cpp11-stl-container-forward-list.cpp.ll
793,stl-libstdcxx/cpp11-stl-container-make-tuple-local.cpp.ll
794,stl-libstdcxx/cpp11-stl-container-tuple-ptr-get.cpp.ll
795,stl-libstdcxx/cpp11-stl-container-unordered-map-pointer-2.cpp.ll
796,stl-libstdcxx/cpp11-stl-container-unordered-map-value-1.cpp.ll
797,stl-libstdcxx/cpp11-stl-container-unordered-set-insert.cpp.ll
798,stl-libstdcxx/cpp11-stl-container-unordered-set-pointer-1.cpp.ll
799,stl-libstdcxx/cpp17-memory-aligned-new-delete-double-ptr.cpp.ll
800,stl-libstdcxx/cpp17-memory-uninitialized-copy-move-ptr-member.cpp.ll
801,stl-libstdcxx/cpp17-memory-uninitialized-default-construct-ptr-array.cpp.ll
802,stl-libstdcxx/cpp17-memory-uninitialized-fill-destroy-at-n.cpp.ll
803,stl-libstdcxx/cpp17-memory-uninitialized-value-construct-double-ptr.cpp.ll
804,stl-libstdcxx/cpp17-vocabulary-type-any-cast-pointer-1.cpp.ll
805,stl-libstdcxx/cpp17-vocabulary-type-any-cast-pointer-2.cpp.ll
806,stl-libstdcxx/cpp17-vocabulary-type-any-cast.cpp.ll
807,stl-libstdcxx/cpp17-vocabulary-type-any-pointer-return.cpp.ll
808,stl-libstdcxx/cpp17-vocabulary-type-optional-ptr.cpp.ll
809,stl-libstdcxx/cpp17-vocabulary-type-structured-binding-pair.cpp.ll
810,stl-libstdcxx/cpp17-vocabulary-type-tuple-pointer-return.cpp.ll
811,stl-libstdcxx/cpp17-vocabulary-type-variant-function.cpp.ll
812,stl-libstdcxx/cpp17-vocabulary-type-variant-get-if.cpp.ll
813,stl-libstdcxx/cpp17-vocabulary-type-variant-get-pointer.cpp.ll
814,stl-libstdcxx/cpp20-ranges-count-copy-views-transform.cpp.ll
815,stl-libstdcxx/cpp20-ranges-find-filter-views-double-ptr.cpp.ll
816,stl-libstdcxx/cpp20-ranges-sort-projection-ptr-struct.cpp.ll
817,stl-libstdcxx/cpp20-ranges-span-pointer-array.cpp.ll
818,stl-libstdcxx/cpp20-ranges-transform-for-each-ptr-vector.cpp.ll
819,stl-libstdcxx/cpp98-char-pointer-getenv-static-return-1.cpp.ll
820,stl-libstdcxx/cpp98-char-pointer-gmtime-localtime-static-return-2.cpp.ll
821,stl-libstdcxx/cpp98-constructor-global-object-table.cpp.ll
822,stl-libstdcxx/cpp98-reinterpret-cast-char-buffer-struct-pun.cpp.ll
823,stl-libstdcxx/cpp98-reinterpret-cast-embedded-pointer-tag.cpp.ll
824,stl-libstdcxx/cpp98-reinterpret-cast-pointer-int-pair-1.cpp.ll
825,stl-libstdcxx/cpp98-reinterpret-cast-pointer-int-pair-2.cpp.ll
826,stl-libstdcxx/cpp98-reinterpret-cast-tagged-pointer-union.cpp.ll
827,stl-libstdcxx/cpp98-stl-copy-back-inserter-struct-ptr.cpp.ll
828,stl-libstdcxx/cpp98-stl-copy-backinserter.cpp.ll
829,stl-libstdcxx/cpp98-stl-copy-backward-overlap-ptr.cpp.ll
830,stl-libstdcxx/cpp98-stl-copy-double-ptr-container.cpp.ll
831,stl-libstdcxx/cpp98-stl-copy-vector-ptr-to-list.cpp.ll
832,stl-libstdcxx/cpp98-stl-exception-catch-by-base-polymorphic.cpp.ll
833,stl-libstdcxx/cpp98-stl-exception-logic-error-map.cpp.ll
834,stl-libstdcxx/cpp98-stl-exception-out-of-range-vector.cpp.ll
835,stl-libstdcxx/cpp98-stl-exception-resource-cleanup-container.cpp.ll
836,stl-libstdcxx/cpp98-stl-exception-runtime-error-string.cpp.ll
837,stl-libstdcxx/cpp98-stl-functional-array.cpp.ll
838,stl-libstdcxx/cpp98-stl-functional-bind-free-function.cpp.ll
839,stl-libstdcxx/cpp98-stl-functional-bind-member-auto.cpp.ll
840,stl-libstdcxx/cpp98-stl-functional-bind-member-fn.cpp.ll
841,stl-libstdcxx/cpp98-stl-functional-global-assign.cpp.ll
842,stl-libstdcxx/cpp98-stl-functional-local-lambda.cpp.ll
843,stl-libstdcxx/cpp98-stl-functional-map-callback-copy-1.cpp.ll
844,stl-libstdcxx/cpp98-stl-functional-map-callback-copy-2.cpp.ll
845,stl-libstdcxx/cpp98-stl-functional-map-callback-direct-1.cpp.ll
846,stl-libstdcxx/cpp98-stl-functional-map-callback-direct-2.cpp.ll
847,stl-libstdcxx/cpp98-stl-functional-member-fn-wrapper.cpp.ll
848,stl-libstdcxx/cpp98-stl-functional-reassign.cpp.ll
849,stl-libstdcxx/cpp98-stl-functional-recursive-lambda.cpp.ll
850,stl-libstdcxx/cpp98-stl-functional-reference-wrapper-ptr.cpp.ll
851,stl-libstdcxx/cpp98-stl-functional-std-function-param-lambda.cpp.ll
852,stl-libstdcxx/cpp98-stl-functional-std-function-return-lambda.cpp.ll
853,stl-libstdcxx/cpp98-stl-functional-struct-field-indexed.cpp.ll
854,stl-libstdcxx/cpp98-stl-functional-struct-return-assign.cpp.ll
855,stl-libstdcxx/cpp98-stl-functional-vector-function.cpp.ll
856,stl-libstdcxx/cpp98-stl-iterator-deque-begin-iterator-2.cpp.ll
857,stl-libstdcxx/cpp98-stl-iterator-deque-value-iterator-4.cpp.ll
858,stl-libstdcxx/cpp98-stl-iterator-find-deref.cpp.ll
859,stl-libstdcxx/cpp98-stl-iterator-increment.cpp.ll
860,stl-libstdcxx/cpp98-stl-iterator-list-const-iterator-1.cpp.ll
861,stl-libstdcxx/cpp98-stl-iterator-map-find-deref.cpp.ll
862,stl-libstdcxx/cpp98-stl-iterator-map-insert-pair.cpp.ll
863,stl-libstdcxx/cpp98-stl-iterator-min-element-deref.cpp.ll
864,stl-libstdcxx/cpp98-stl-iterator-stored-invalidation.cpp.ll
865,stl-libstdcxx/cpp98-stl-iterator-vector-begin-deref.cpp.ll
866,stl-libstdcxx/cpp98-stl-iterator-vector-const-iterator-pointer-4.cpp.ll
867,stl-libstdcxx/cpp98-stl-iterator-vector-const-iterator-value-3.cpp.ll
868,stl-libstdcxx/cpp98-stl-linear-container-deque-pointer-front-1.cpp.ll
869,stl-libstdcxx/cpp98-stl-linear-container-deque-push.cpp.ll
870,stl-libstdcxx/cpp98-stl-linear-container-deque-pushfront.cpp.ll
871,stl-libstdcxx/cpp98-stl-linear-container-deque-value-front-3.cpp.ll
872,stl-libstdcxx/cpp98-stl-linear-container-element-ref.cpp.ll
873,stl-libstdcxx/cpp98-stl-linear-container-list-pointer-front-2.cpp.ll
874,stl-libstdcxx/cpp98-stl-linear-container-list-ptr-pushback.cpp.ll
875,stl-libstdcxx/cpp98-stl-linear-container-list-splice-1.cpp.ll
876,stl-libstdcxx/cpp98-stl-linear-container-list-splice-2.cpp.ll
877,stl-libstdcxx/cpp98-stl-linear-container-nested-vector-ptr.cpp.ll
878,stl-libstdcxx/cpp98-stl-linear-container-pair-copy-vector.cpp.ll
879,stl-libstdcxx/cpp98-stl-linear-container-push-back-index.cpp.ll
880,stl-libstdcxx/cpp98-stl-linear-container-resize-index.cpp.ll
881,stl-libstdcxx/cpp98-stl-linear-container-return-vector-ptr.cpp.ll
882,stl-libstdcxx/cpp98-stl-linear-container-vector-assign.cpp.ll
883,stl-libstdcxx/cpp98-stl-linear-container-vector-back-pointer.cpp.ll
884,stl-libstdcxx/cpp98-stl-linear-container-vector-class-field-sensitivity.cpp.ll
885,stl-libstdcxx/cpp98-stl-linear-container-vector-class-pointer-member.cpp.ll
886,stl-libstdcxx/cpp98-stl-linear-container-vector-data-pointer.cpp.ll
887,stl-libstdcxx/cpp98-stl-linear-container-vector-erase.cpp.ll
888,stl-libstdcxx/cpp98-stl-linear-container-vector-front-pointer.cpp.ll
889,stl-libstdcxx/cpp98-stl-linear-container-vector-insert.cpp.ll
890,stl-libstdcxx/cpp98-stl-linear-container-vector-popback-index.cpp.ll
891,stl-libstdcxx/cpp98-stl-linear-container-vector-push-back.cpp.ll
892,stl-libstdcxx/cpp98-stl-linear-container-vector-pushback-index.cpp.ll
893,stl-libstdcxx/cpp98-stl-linear-container-vector-reserve-pushback.cpp.ll
894,stl-libstdcxx/cpp98-stl-linear-container-vector-runtime-index.cpp.ll
895,stl-libstdcxx/cpp98-stl-linear-container-vector-subscript-pointer-2.cpp.ll
896,stl-libstdcxx/cpp98-stl-linear-container-vector-subscript-value-1.cpp.ll
897,stl-libstdcxx/cpp98-stl-linear-container-vector-swap.cpp.ll
898,stl-libstdcxx/cpp98-stl-other-container-map-brace-insert.cpp.ll
899,stl-libstdcxx/cpp98-stl-other-container-map-index-store.cpp.ll
900,stl-libstdcxx/cpp98-stl-other-container-map-insert-index.cpp.ll
901,stl-libstdcxx/cpp98-stl-other-container-map-insert-pointer.cpp.ll
902,stl-libstdcxx/cpp98-stl-other-container-map-mapped-ref.cpp.ll
903,stl-libstdcxx/cpp98-stl-other-container-map-pointer-iterator-2.cpp.ll
904,stl-libstdcxx/cpp98-stl-other-container-map-value-iterator-1.cpp.ll
905,stl-libstdcxx/cpp98-stl-other-container-pair-map-copy.cpp.ll
906,stl-libstdcxx/cpp98-stl-other-container-pair-swap.cpp.ll
907,stl-libstdcxx/cpp98-stl-other-container-queue-pointer-2.cpp.ll
908,stl-libstdcxx/cpp98-stl-other-container-queue-push.cpp.ll
909,stl-libstdcxx/cpp98-stl-other-container-queue-value-1.cpp.ll
910,stl-libstdcxx/cpp98-stl-other-container-set-comparison-operators-1.cpp.ll
911,stl-libstdcxx/cpp98-stl-other-container-set-insert.cpp.ll
912,stl-libstdcxx/cpp98-stl-other-container-set-pointer-iterator-2.cpp.ll
913,stl-libstdcxx/cpp98-stl-other-container-stack-pointer-2.cpp.ll
914,stl-libstdcxx/cpp98-stl-other-container-stack-push.cpp.ll
915,stl-libstdcxx/cpp98-stl-other-container-stack-value-1.cpp.ll
916,stl-libstdcxx/cpp98-stl-sort-function-object-deref.cpp.ll
917,stl-libstdcxx/cpp98-stl-sort-lower-bound-ptr.cpp.ll
918,stl-libstdcxx/cpp98-stl-sort-ptr-to-struct-member.cpp.ll
919,stl-libstdcxx/cpp98-stl-sort-stable-pointer-index.cpp.ll
920,stl-libstdcxx/cpp98-stl-sort-vector-of-ptr-int.cpp.ll
